x = [x_1c,x_2c,x_3c,x_4c,x_5c,x_6c,x_1f,x_2f,x_3f,x_4f,x_5f,x_6f]
b = [b_1c,b_2c,b_3c,b_4c,b_5c,b_6c,b_1f,b_2f,b_3f,b_4f,b_5f,b_6f]

###             full feedback               ###

#TRIPOD1
w_y = 2.00
w_s = 0.00
2.0, -2.0, 2.0, -2.0, 2.0, -2.0, -1.0, 1.0, -1.0, 1.0, -1.0, 1.0 #x
4.0,  0.0, 4.0,  0.0, 4.0,  0.0,  1.0, 4.0,  1.0, 4.0,  1.0, 4.0 #b

#BLOCKED1
w_y = 1.00
w_s = 1.25
 2.20, -1.55, 4.85,  1.75, -3.25, -4.80, -3.95,  1.80, 0.20, -2.45,  4.55, -3.30 
-3.60, -2.10, 3.35, -3.50, -4.70,  0.45,  1.00, -1.50, 0.10, -0.15, -0.25, -2.85 

#BLOCKED2
w_y = 1.40
w_s = 0.80
2.0, -2.0, 2.0, -2.0, 2.0, -2.0, -1.0, 1.0, -1.0, 1.0, -1.0, 1.0 
4.0,  0.0, 4.0,  0.0, 4.0,  0.0,  1.0, 4.0,  1.0, 4.0,  1.0, 4.0 

#TWIST
w_y = 1.50
w_s = 1.50
-0.60, -1.65,  3.30, -0.20, -4.20, -0.35, -3.30,  4.25,  4.60,  3.75, -3.20, -4.65 
-0.70,  1.70, -2.70, -2.40, -4.50, -2.50, -0.35, -4.50, -2.05, -2.65, -1.95, -3.70 

#TRIPOD2
w_y = 2.50
w_s = 0.00
-4.50, -2.25, 2.55, -3.20, -2.10, -4.00, -3.75, -0.10, -2.60, -2.25, 4.95, -1.20 
 0.95, -1.15, 4.30, -0.25, -1.10, -3.40,  1.95, -3.70, -3.30,  3.50, 0.95, -3.85 

#BLOCKED3
w_y = 2.50
w_s = 0.00
 1.00, 3.90, 2.95, 0.25, -0.55, -4.75, -1.00, 3.65, 3.50, -0.65, -1.05, -4.25 
-2.05, 2.90, 4.30, 2.90,  0.90, -0.65,  3.75, 1.10, 0.75,  0.20,  1.75,  2.95 

#CHAOTIC
w_y = 4.00
w_s = 4.00
-4.60, -4.70,  1.00, -1.85, 0.50,  4.15,  2.15, 3.35 -2.85, -1.15, -0.05, -4.00 
-1.25,  3.20, -1.50,  2.95, 0.65, -1.75, -3.90, 1.75  2.40, -4.25, -2.65, -1.60 

#CHANCGE
w_y = 1.00
w_s = 1.25
2.0, -2.0, 2.0, -2.0, 2.0, -2.0, -1.0, 1.0, -1.0, 1.0, -1.0, 1.0 
4.0,  0.0, 4.0,  0.0, 4.0,  0.0,  1.0, 4.0,  1.0, 4.0,  1.0, 4.0 

###             only coxa feedback               ###

#TRIPOD1
w_y = 2.50
w_s = 0.00
2.0, -2.0, 2.0, -2.0, 2.0, -2.0, -1.0, 1.0, -1.0, 1.0, -1.0, 1.0 
4.0,  0.0, 4.0,  0.0, 4.0,  0.0,  1.0, 4.0,  1.0, 4.0,  1.0, 4.0 

#BLOCKED1
w_y = 1.50
w_s = 1.50
2.20, -4.95, -3.20, -1.85, -3.15, -4.60, -4.40, -4.00, 3.05, -2.25, -2.10,  3.50 
4.20, -4.25, -3.85,  3.65,  4.35,  3.85,  2.40, -0.80, 4.40,  4.95, -1.15, -3.90 

#TWIST
w_y = 0.80
w_s = 1.40
 4.80, 0.40, -0.05,  2.45, -0.20,  0.60,  2.25, -4.60, -0.40, -4.70,  0.90, 2.85 
-4.15, 2.80, -3.60, -2.05,  0.70, -0.70, -2.30,  4.90, -2.75,  0.05, -4.75, -2.95 

#CHAOTIC
w_y = 2.50
w_s = 2.50
-1.20, -4.20, -2.40, -5.00, 4.35, 0.20, -2.95, -2.30, 3.05, -2.75, -4.10, 1.60 
 3.65,  2.15,  2.60,  4.25, 0.70, 1.20,  4.65,  0.80, 3.75, -4.25, -2.65, 0.55 

